BufferSize ReadBandwidth(Mb/s)
4 29.597736
4 29.597736
4 29.597736
4 29.597736
4 29.597736
4 29.597736
4 29.597736
4 29.597736
4 29.597736
4 29.597736
4 30.463098
4 30.463098
4 30.463098
4 30.463098
4 30.463098
4 30.463098
4 30.463098
4 30.463098
4 30.463098
4 30.463098
4 29.996594
4 29.996594
4 29.996594
4 29.996594
4 29.996594
4 29.996594
4 29.996594
4 29.996594
4 29.996594
4 29.996594
4 30.479221
4 30.479221
4 30.479221
4 30.479221
4 30.479221
4 30.479221
4 30.479221
4 30.479221
4 30.479221
4 30.479221
4 29.419655
4 29.419655
4 29.419655
4 29.419655
4 29.419655
4 29.419655
4 29.419655
4 29.419655
4 29.419655
4 29.419655
4 30.437931
4 30.437931
4 30.437931
4 30.437931
4 30.437931
4 30.437931
4 30.437931
4 30.437931
4 30.437931
4 30.437931
4 30.335367
4 30.335367
4 30.335367
4 30.335367
4 30.335367
4 30.335367
4 30.335367
4 30.335367
4 30.335367
4 30.335367
4 30.604860
4 30.604860
4 30.604860
4 30.604860
4 30.604860
4 30.604860
4 30.604860
4 30.604860
4 30.604860
4 30.604860
4 30.589572
4 30.589572
4 30.589572
4 30.589572
4 30.589572
4 30.589572
4 30.589572
4 30.589572
4 30.589572
4 30.589572
4 30.590477
4 30.590477
4 30.590477
4 30.590477
4 30.590477
4 30.590477
4 30.590477
4 30.590477
4 30.590477
4 30.590477
4 30.338814
4 30.338814
4 30.338814
4 30.338814
4 30.338814
4 30.338814
4 30.338814
4 30.338814
4 30.338814
4 30.338814
4 30.357963
4 30.357963
4 30.357963
4 30.357963
4 30.357963
4 30.357963
4 30.357963
4 30.357963
4 30.357963
4 30.357963
4 30.108130
4 30.108130
4 30.108130
4 30.108130
4 30.108130
4 30.108130
4 30.108130
4 30.108130
4 30.108130
4 30.108130
4 30.276039
4 30.276039
4 30.276039
4 30.276039
4 30.276039
4 30.276039
4 30.276039
4 30.276039
4 30.276039
4 30.276039
4 30.251372
4 30.251372
4 30.251372
4 30.251372
4 30.251372
4 30.251372
4 30.251372
4 30.251372
4 30.251372
4 30.251372
4 30.309193
4 30.309193
4 30.309193
4 30.309193
4 30.309193
4 30.309193
4 30.309193
4 30.309193
4 30.309193
4 30.309193
4 30.205076
4 30.205076
4 30.205076
4 30.205076
4 30.205076
4 30.205076
4 30.205076
4 30.205076
4 30.205076
4 30.205076
4 30.371043
4 30.371043
4 30.371043
4 30.371043
4 30.371043
4 30.371043
4 30.371043
4 30.371043
4 30.371043
4 30.371043
4 29.817435
4 29.817435
4 29.817435
4 29.817435
4 29.817435
4 29.817435
4 29.817435
4 29.817435
4 29.817435
4 29.817435
4 29.497599
4 29.497599
4 29.497599
4 29.497599
4 29.497599
4 29.497599
4 29.497599
4 29.497599
4 29.497599
4 29.497599
