BufferSize ReadBandwidth(Mb/s)
4 29.573295
4 29.573295
4 29.573295
4 29.573295
4 29.573295
4 29.573295
4 29.573295
4 29.573295
4 29.573295
4 29.573295
4 30.831403
4 30.831403
4 30.831403
4 30.831403
4 30.831403
4 30.831403
4 30.831403
4 30.831403
4 30.831403
4 30.831403
4 30.311560
4 30.311560
4 30.311560
4 30.311560
4 30.311560
4 30.311560
4 30.311560
4 30.311560
4 30.311560
4 30.311560
4 29.281165
4 29.281165
4 29.281165
4 29.281165
4 29.281165
4 29.281165
4 29.281165
4 29.281165
4 29.281165
4 29.281165
4 29.393959
4 29.393959
4 29.393959
4 29.393959
4 29.393959
4 29.393959
4 29.393959
4 29.393959
4 29.393959
4 29.393959
4 29.658985
4 29.658985
4 29.658985
4 29.658985
4 29.658985
4 29.658985
4 29.658985
4 29.658985
4 29.658985
4 29.658985
4 30.790762
4 30.790762
4 30.790762
4 30.790762
4 30.790762
4 30.790762
4 30.790762
4 30.790762
4 30.790762
4 30.790762
4 30.807067
4 30.807067
4 30.807067
4 30.807067
4 30.807067
4 30.807067
4 30.807067
4 30.807067
4 30.807067
4 30.807067
4 30.082368
4 30.082368
4 30.082368
4 30.082368
4 30.082368
4 30.082368
4 30.082368
4 30.082368
4 30.082368
4 30.082368
4 29.851678
4 29.851678
4 29.851678
4 29.851678
4 29.851678
4 29.851678
4 29.851678
4 29.851678
4 29.851678
4 29.851678
4 30.494083
4 30.494083
4 30.494083
4 30.494083
4 30.494083
4 30.494083
4 30.494083
4 30.494083
4 30.494083
4 30.494083
4 30.292325
4 30.292325
4 30.292325
4 30.292325
4 30.292325
4 30.292325
4 30.292325
4 30.292325
4 30.292325
4 30.292325
4 30.209135
4 30.209135
4 30.209135
4 30.209135
4 30.209135
4 30.209135
4 30.209135
4 30.209135
4 30.209135
4 30.209135
4 30.102375
4 30.102375
4 30.102375
4 30.102375
4 30.102375
4 30.102375
4 30.102375
4 30.102375
4 30.102375
4 30.102375
4 30.223077
4 30.223077
4 30.223077
4 30.223077
4 30.223077
4 30.223077
4 30.223077
4 30.223077
4 30.223077
4 30.223077
4 30.499440
4 30.499440
4 30.499440
4 30.499440
4 30.499440
4 30.499440
4 30.499440
4 30.499440
4 30.499440
4 30.499440
4 30.044856
4 30.044856
4 30.044856
4 30.044856
4 30.044856
4 30.044856
4 30.044856
4 30.044856
4 30.044856
4 30.044856
4 29.949920
4 29.949920
4 29.949920
4 29.949920
4 29.949920
4 29.949920
4 29.949920
4 29.949920
4 29.949920
4 29.949920
4 30.029185
4 30.029185
4 30.029185
4 30.029185
4 30.029185
4 30.029185
4 30.029185
4 30.029185
4 30.029185
4 30.029185
4 30.138542
4 30.138542
4 30.138542
4 30.138542
4 30.138542
4 30.138542
4 30.138542
4 30.138542
4 30.138542
4 30.138542
